1397
1434
1862
1910
1962
2013
2060
2111
2159
2211
2264
2321
2365
2413
2469
2529
2577
2629
2678
2731
2779
2831
2879
2931
2978
3029
3073
3121
3168
3219
3261
3352
3402
3453
3524
3585
3685
3736
3840
3896
4004
4066
4423
4492
4555
4630
4705
4825
4890
5026
5151
5222
5293
5357
5421
5482
5542
5602
5685
5761
5833
5904
5976
6061
6146
6231
6308
6385
6462
6539
6616
6686
6756
6826
6896
6964
7032
7100
7167
7234
7297
7360
7423
7486
7552
7618
7684
7750
7816
7882
7951
8020
8085
8150
8215
8280
8345
8408
8474
8540
8606
8672
8738
8804
8864
8924
8994
9116
9193
9329
9683
9855
9946
10367
10499
10796
10909
11014
11125
11222
11326
11432
11547
11729
11845
11935
12021
12101
12459
12567
12885
13003
13116
13236
13354
13467
13580
13682
13782
13881
13979
14085
14183
14449
14542
14794
14887
15139
15232
15518
16039
16203
17213
17374
17549
17706
17964
18233
18327
18416
18654
18742
18825
19053
19139
19220
19299
19378
19460
19538
19614
19692
19830
20059
20147
20239
20329
20415
20519
20607
20680
20755
20836
20911
20987
21066
21142
21290
21379
21470
21567
21658
21750
21845
21937
22110
22199
22290
22527
22607
22709
22820
22924
23097
23175
23268
23362
23461
23560
23661
23762
23872
23982
24080
24176
24274
24373
24476
24572
24670
24769
24818
24868
24977
25045
25103
25278
25339
25413
25485
25557
25624
25689
25754
25815
25879
25943
26004
26067
26129
26192
26252
26327
26400
26480
26540
26600
26675
26750
26832
26914
26983
27051
27110
27169
27228
27287
27346
27413
27480
27543
27606
27669
27735
27812
27883
27954
28022
28095
28168
28247
28319
28389
28457
28524
28588
28656
28728
28836
28897
29024
29092
29156
29216
29283
29346
29402
29463
29530
29589
29656
29718
29778
29841
29915
29989
30048
30430
30487
30543
30600
30657
30711
30778
30828
30891
30950
31016
31084
31149
31213
31374
31457
31559
31635
31707
31780
31854
31920
31992
32057
32121
32185
32259
32312
32372
32435
32490
32549
32609
32667
32728
32786
32848
32907
32975
33038
33094
33156
33223
33281
33339
33396
33455
33506
33569
33642
33712
33777
33851
33920
33998
34070
34136
34197
34277
34349
34416
34493
34568
34638
34708
34773
34843
34908
34979
35045
35115
35180
35250
35315
35384
35462
35531
35605
35675
35740
35803
35871
35928
35987
36053
36116
36184
36248
36312
36381
36450
36500
36560
36623
36746
36818
36887
36963
37039
37106
37169
37239
37302
37365
37425
37500
37566
37636
37708
37782
37853
37921
37986
38057
38120
38195
38263
38326
38410
38477
38533
38585
38643
38703
38762
38823
38887
38950
39013
39079
39137
39195
39257
39314
39373
39437
39490
39550
39620
39687
39741
39790
39859
39918
39985
40048
40108
40173
40230
40302
40362
40418
40477
40532
40602
40660
40716
40773
40841
40905
40966
41040
41106
41170
41238
41302
41375
41444
41508
41564
41624
41685
41744
41801
41861
41919
41982
42046
42117
42178
42236
42294
42357
42412
42468
42523
42598
42658
42718
42778
42845
42903
42964
43014
43064
43117
43172
43236
43302
43367
43421
43482
43539
43594
43656
43729
43789
43847
43902
43975
44048
44122
44197
44270
44345
44421
44495
44570
44644
44727
44802
44879
44938
44999
45063
45130
45213
45277
45342
45399
45461
45524
45581
45649
45719
45774
45832
45889
45949
46010
46077
46132
46187
46241
46297
46368
46438
46493
46547
46602
46662
46723
46778
46846
46899
46956
47014
47082
47159
47222
47289
47361
47424
47487
47551
47666
47827
47866
47905
47943
48032
48088
48148
48189
48235
48287
48325
48367
48416
48469
48523
48581
48635
48693
48747
48805
48858
48915
48958
49005
49100
49145
49190
49244
49301
49355
49409
49463
49517
49574
49631
49685
49742
49796
49853
49910
49960
50008
50056
50219
50259
50303
50347
50395
50437
50483
50531
50569
50611
50651
50695
50737
50783
50824
50869
50916
50958
51040
51083
51174
51269
51372
51534
51631
51673
51718
51802
51894
51945
51999
52054
52121
52185
52251
52317
52387
52449
52531
52594
52655
52719
52780
52844
52910
52978
53043
53105
53169
53243
53300
53363
53422
53487
53555
53617
53679
53745
53803
53881
53940
53997
54068
54116
54170
54236
54304
54357
54410
54522
54584
54642
54701
54764
54828
54976
55036
55090
55160
55237
55310
55390
55449
55507
55580
55643
55702
55765
55836
55912
55969
56030
56093
56173
56237
56293
56348
56410
56471
56528
56587
56647
56711
56772
56825
56881
56943
57004
57067
57106
57150
57193
57241
57286
57329
57373
57412
57460
57504
57546
57592
57636
57678
57721
57806
57867
57925
57976
58026
58070
58111
58150
58280
58343
58466
58530
58593
58726
58798
58876
58953
59103
59157
59255
59313
59580
59659
59726
59804
59877
59947
60018
60083
60159
60235
60301
60386
60460
60531
60600
60670
60762
60833
60901
60981
61049
61123
61199
61272
61329
61386
61436
61487
61534
61589
61689
61747
61798
61847
61895
61942
62023
63508
63612
63716
63819
63922
64025
64128
64231
64335
64438
64541
64644
64747
64850
64953
65057
65233
65337
65439
65542
65645
65748
65851
65954
66057
66161
66265
66368
66471
66574
66677
66779
66881
66984
67088
67192
67294
67397
67500
67603
67707
67810
68269
68372
68474
68576
68679
68837
68940
69043
69145
69247
69350
69454
69558
69660
69764
69867
69969
70073
70176
70279
70382
70486
70589
70692
70796
70899
71001
71104
71206
71309
71413
71515
71618
71722
71825
71929
72032
72135
72238
72342
72445
72548
72651
72850
76097
76200
76304
76406
76509
76612
76715
76818
76921
77024
77126
77228
77331
77434
77537
77638
77741
77844
77947
78050
78153
78257
78361
78464
78568
78671
78773
78877
78981
79084
79239
79342
79444
79547
79650
79753
79856
80004
80107
80210
80311
80414
80517
80621
80724
80828
80931
81034
81136
82414
82517
82660
82764
82868
82970
83073
83176
83279
83390
83493
83597
83700
83803
83906
84009
84113
84215
84318
84422
84525
84564
84668
84770
84872
84975
85079
85183
85287
85390
85493
85596
85699
85802
85906
86009
86113
86215
86318
86421
86559
86878
86981
87084
87187
87288
87391
87495
87598
87701
87803
87906
88009
88113
88216
88319
88423
88524
88627
88730
88833
88937
89041
89144
89247
89350
89453
89556
89659
89763
89867
89970
90073
90177
90280
90383
90487
90590
90693
90795
90898
91001
91104
91207
91311
91414
91518
91621
91725
91828
91932
92036
92258
92361
92465
92567
92670
92774
92878
92981
93085
93188
93291
93395
93498
93601
93704
93807
93910
94014
94117
94220
94323
94426
94528
94632
94735
94838
94941
95043
95146
95248
95352
95455
95558
95661
95765
95868
95970
96074
96177
96280
96384
96487
96589
96692
97162
97265
97368
97470
97573
97675
97777
97880
97983
98085
98188
98291
98395
98499
98603
98706
98809
98912
99015
99119
99222
99326
99429
99533
99636
99738
99840
99943
100046
100149
100252
100356
100459
100562
100665
100768
100871
100974
101077
101180
101284
101388
101491
101595
101697
101800
101903
102006
102109
102212
102315
102419
102522
102626
102729
102833
102936
103039
103143
103246
103349
103451
103554
103657
103760
103863
103966
104069
104172
104275
104377
104481
104584
104686
104790
104893
104995
105098
105201
105305
105408
105511
105614
105717
105820
105924
106027
106130
106233
106336
106447
106550
106653
106755
106858
106961
107064
107167
107269
107373
107547
107651
107754
107857
107960
108064
108167
108271
108374
108477
108580
108683
108786
108889
108992
109450
109553
109655
109758
109861
109965
110069
110173
110276
110379
110483
110586
110688
110792
110896
110999
111103
111204
111308
111412
111515
111619
111722
111825
111928
112031
112134
112238
112341
112445
112548
112652
112753
112857
112961
113064
113167
113270
113373
113477
113581
113684
113787
113890
113993
114096
114200
114304
114408
114511
114622
114725
114828
114931
115035
115139
115242
115346
115449
115552
115655
115758
115861
115964
116067
116169
116272
116374
116476
116580
116682
116786
117256
117303
117402
117444
117485
117542
117606
117666
118144
118194
119587
119638
119698
119748
120296
120890
120940
120998
121107
121161
121229
122517
122561
122614
122825
122982
123046
124187
124393
124473
124844
126657
126708
126759
126800
129473
129512
129561
129740
130114
130158
130200
130243
131306
131344
131396
132936
132992
133059
133497
133908
133987
134162
134266
134570
134632
134679
134982
135197
136610
136797
136842
136954
137037
137520
137587
138549
138592
138647
139095
139237
139334
139431
139594
140154
140257
140360
140464
140567
140670
140773
140876
140978
141081
141184
141287
141390
141493
141596
141699
141802
141905
142008
142112
142215
142317
142420
142523
142626
142730
142833
143040
143083
143185
143289
143335
143480
143582
143685
143788
143892
143939
143998
144054
144112
144170
144232
144286
144360
144415
144468
144524
144754
144899
144944
144990
145688
145791
145894
145998
146101
146204
146307
146409
146512
146650
146702
146872
147935
147991
148030
148116
148164
148241
148296
148353
148398
148442
148496
149007
149066
149125
149184
149241
149356
149408
149460
149512
149562
150231
150499
150597
150647
150687
150728
150874
150915
151202
151828
151931
152032
152135
152238
152341
152443
152547
152651
152752
152855
152958
153061
153164
153268
153371
153475
153578
153681
153785
153888
153991
154093
154197
154301
154404
154507
154610
154713
154815
154918
155020
155123
155226
155335
155438
155541
155644
155747
155857
155961
156046
156149
156317
156420
156524
156626
156729
156832
156936
157039
157219
157322
157463
157644
157690
157794
157934
158037
158140
158242
158501
158553
158640
158696
158754
158814
158871
158925
158981
159047
159096
159791
159894
159996
160100
160203
160307
160410
160512
160615
160719
160822
160926
161029
161133
161236
161339
161450
161554
161657
161760
161863
161966
162067
162170
162274
162377
162480
162599
162702
162806
162908
163011
163114
163216
163319
163423
163526
163629
163732
163834
163937
164040
164143
164236
164282
164332
164435
164539
164643
164746
164849
164957
165060
165162
165706
165853
166044
166105
166193
166242
166289
166339
166873
166924
166972
167029
167081
167126
167177
167233
167327
167589
167636
167696
168438
168484
168532
168799
168850
169005
169054
169161
169209
169256
169305
169354
169403
169455
169517
169576
169630
169684
169738
169796
169846
169916
169967
170131
170194
170252
170319
170380
170435
170485
170554
170615
170671
170736
170802
170866
170925
170984
171038
171097
171151
171211
171266
171325
171379
171438
171492
171550
171617
171675
171738
171797
171851
171895
172007
172118
172230
172432
172610
172713
172816
172919
173022
173125
173229
173332
173436
173540
173651
173754
173858
173962
174065
174168
174271
174374
174477
174579
174682
174785
174889
174992
175095
175198
175301
175404
175508
175616
175720
175823
175925
176027
176130
176234
176337
176439
176542
176646
176749
176852
176956
177059
177162
177265
177368
177471
177521
177578
177828
177927
177973
178077
178130
178184
178287
178390
178492
178595
178632
178674
178729
178832
178934
179037
179145
179249
179352
179501
179549
179593
179890
179942
179999
180052
180105
180163
180313
180364
180405
180446
180496
180549
180599
180649
180699
180749
180802
180855
180905
180958
181008
181061
181114
181162
181208
181252
181296
181393
181959
182063
182164
182267
182370
182810
182868
182948
182995
183038
183088
183179
183219
183266
183360
183625
183903
184007
184110
184214
184318
184421
184525
184627
184731
184833
184936
185040
185144
185248
185350
185453
185555
185659
185763
185867
185969
186072
186181
186284
186387
186491
186594
186698
186850
186953
187568
187671
187775
187878
187981
188084
188187
188290
188392
188495
188598
188701
188804
188908
189010
189113
189257
189306
189358
189406
189454
189502
189549
189597
189654
189702
189750
189800
189856
189906
189957
190011
190062
190116
190172
190230
190294
190352
190411
190473
190532
190594
192220
192323
192432
192535
192638
192741
192844
192947
193050
193159
193263
193366
193470
193572
193676
193780
193883
193985
194089
194192
194295
194398
194501
194604
194707
194811
194914
195016
195120
195223
195326
195430
195533
195636
195739
195842
195946
195994
196470
196573
196675
196777
196880
196984
197088
197190
197294
197397
197500
197604
198195
198241
198439
198537
198640
198743
198885
198938
199003
199059
199711
200016
200068
200113
200172
200224
200597
200837
200908
201912
202668
202939
202998
203059
203122
203182
203239
203293
203645
203810
204135
204196
204430
207853
208422
208995
209954
210088
210813
211291
211342
211387
211428
211475
211570
211618
211668
211721
211773
211825
211880
211927
211974
212025
212071
212119
212172
212272
212314
212363
212422
212689
213173
213216
215804
215844
215878
216627
216666
216712
216752
216796
216840
216883
216927
216975
217023
217076
217118
217164
217212
217250
217292
217332
217376
217419
217462
217506
217545
217601
217645
217689
217739
217781
217827
217868
217913
217959
218011
218058
218100
218142
218188
218231
218955
219000
219058
219413
219455
219498
219721
220371
221240
221296
221341
221401
221459
221524
221572
221624
221673
221727
221773
221834
222514
222660
222709
222751
222796
222841
222901
222961
223028
223095
223138
223190
223235
223283
223327
223386
223433
223478
223524
223581
223634
223684
223747
223802
223855
223912
223965
224027
224336
224389
224443
224492
224537
224581
224674
224717
224767
224856
224902
225053
225102
225149
225201
225254
225314
225364
225411
225458
225603
225647
225688
225733
225777
225858
225922
225973
226022
226071
226120
226164
226208
226252
226296
226333
226374
226430
226477
226527
226574
226697
226739
226778
226999
227084
227132
227177
227225
227268
227318
227707
228361
228416
228516
228559
228609
228651
228822
229002
229177
229496
229601
229660
229721
229782
229852
230004
231069
231120
231187
232621
232730
232807
233260
233311
233630
233671
234773
234829
234887
234946
234995
235042
235086
235148
235210
235291
235353
235416
235480
235542
235597
235661
235726
235789
235853
235916
235988
236052
236333
236377
236421
236466
236514
236565
236615
236667
236720
236765
236816
236860
236913
236956
236999
237055
237108
237710
237759
237973
238022
238075
238128
238177
238220
238271
238628
238717
238789
238942
238996
239048
239366
239414
239461
239507
240100
240154
240244
240496
241139
241308
241412
241876
241924
242443
242494
243405
243458
243506
243551
243599
243867
244187
244289
244348
244389
244648
245375
245580
245729
245968
246124
246169
246218
246268
246322
246372
246555
246601
246650
246837
247290
247682
247731
247779
247829
247872
248081
248131
248185
248227
248783
248826
248871
248920
248973
249014
249114
249419
249462
249535
249608
249681
249746
249811
249876
249941
250006
250064
250122
250180
250238
250289
250345
250401
250457
250512
250567
250618
250669
250720
250771
250825
250879
250933
250987
251041
251095
251152
251209
251262
251315
251368
251421
251474
251525
251579
251633
251687
251741
251795
251849
251892
252241
252297
252355
252414
252453
254481
254628
254873
255170
255222
255270
255622
255869
256038
256086
256134
256182
256230
256278
256321
256372
256416
256462
256511
256561
256623
256679
256735
256788
256832
256889
256931
256989
257047
257105
257163
257209
257256
257320
257377
257432
257485
257537
257586
257639
257696
257743
257799
257856
257922
257974
258030
258083
258145
258206
258258
258731
258784
258920
258961
259006
259046
259090
259127
259168
259208
259252
259310
259368
259425
259482
259531
259578
259613
259692
259732
