1355
1475
1789
3307
3640
3791
3950
4122
4170
4216
4370
4758
4972
5095
9064
9277
9381
9496
9608
9771
10037
10127
10245
10624
10707
11642
12188
12273
12362
12675
12778
14286
14363
14631
14708
14976
15053
15321
15415
15628
15737
15885
16360
16462
16572
16686
16804
16933
17070
17858
18069
18146
18501
18573
18904
18974
19760
19913
19982
21221
22032
22370
22449
23021
24926
25163
25219
28783
28962
30103
31271
36682
47613
47724
47778
47993
49047
50106
50175
51004
51129
51229
51323
51435
51494
51591
51761
51849
54473
54884
54927
57762
58189
58231
58406
58660
59055
59214
59373
59418
59467
59520
61638
61987
129831
138690
139141
139188
139285
139382
139479
139545
144857
148164
149612
150499
150830
151296
158345
158597
165809
165901
167280
167382
167457
168356
168396
172526
172567
177774
178780
179843
182683
182728
183134
183405
183445
190694
190739
190863
190969
191284
191539
192178
200276
211524
212613
215916
219556
221894
222573
224630
224815
225816
227410
227494
228917
229371
230645
230969
231405
232663
234718
236118
239100
241370
242355
242546
243705
244015
244434
247079
249372
252906
252951
254438
255043
255829
259652
259927
