11
57
110
159
222
304
353
400
441
494
547
627
673
720
784
833
894
953
1004
1057
1108
1158
1203
1234
1271
1320
62071
67913
67952
67980
68008
68049
68076
68141
68214
68782
72754
72792
72826
72952
72997
73042
73085
73124
73163
73204
73245
73289
73332
73374
73410
73454
73502
73551
73604
73655
73692
73741
73785
73834
73883
73936
73987
74032
74077
74122
74169
74214
74259
74304
74349
74400
74446
74491
74541
74594
74639
74684
74729
74774
74820
74858
74895
74946
74994
75053
75113
75166
75220
75270
75324
75388
75453
75519
75586
75655
75714
75768
75813
75868
75929
75989
76043
79188
81240
81286
81347
82619
86524
86608
86684
86725
86769
92139
92189
96795
116889
116978
117049
117157
117219
117357
117733
117839
117876
117911
118240
118283
118663
119018
119065
119118
119163
119224
119273
119318
119377
119423
119466
119507
119800
120171
120335
120393
120463
120507
120617
120696
120743
120841
121061
121279
121322
121392
121437
121525
121592
121639
121690
121737
121794
121843
121888
121949
121988
122046
122126
122230
122298
122345
122424
122662
122711
122776
122870
122925
123112
123160
123251
123856
123909
123989
124042
124087
124134
124235
124280
124319
124439
124513
124614
124662
124786
124897
124938
125802
125906
125960
126025
126105
126175
126205
126281
126329
126390
126432
126481
126527
126572
126619
126860
126917
126976
127044
127174
127221
127324
127377
127499
127540
127571
127632
127750
127793
127824
127855
127913
127954
127985
128026
128061
128096
128725
128796
128845
128940
128987
129027
129398
129444
129607
129668
129705
129924
130022
130065
130289
130508
130621
130747
130821
130885
130952
131059
131138
131170
131238
131452
131522
131584
131648
131683
131834
131948
132000
132375
132896
133116
133293
133346
133392
133451
133540
133622
133673
133858
133950
134036
134210
134310
134356
134538
134729
134788
134858
134931
135028
135076
135115
135244
135281
135357
135396
135441
135905
135955
136296
136516
136565
136661
136749
136892
137002
137082
137228
137285
137362
137414
137474
137633
137682
137783
137819
137856
137941
137980
138020
138081
138177
138251
138347
138411
138444
138479
138742
138931
138997
139040
139642
142937
142980
143437
144577
144663
145036
145092
145154
145230
145629
146615
146756
146810
146915
147040
148082
148548
148596
149298
149612
149777
150176
150277
150354
150781
150960
151013
151068
151101
151160
151249
151388
151781
156003
156251
157426
157512
157551
157596
157897
158456
159151
159196
159260
159635
159676
159719
159752
164187
165265
165652
165901
165983
166151
166386
166433
166482
167504
167548
167748
167803
167870
167931
168011
168058
168111
168190
168244
168295
168572
168634
168695
168752
168907
168956
169114
170016
170082
171946
172059
172161
172277
172341
172383
172479
177624
177661
177706
177876
179454
179643
179688
179743
179791
180221
181342
181456
181839
181915
182473
182518
182565
182616
182728
182907
183315
183494
183531
183574
186801
187057
187446
187497
189217
190640
190779
190924
190969
191137
191178
191229
191324
191361
191400
191441
191494
191579
191620
192009
192064
192111
196097
197706
198137
198343
198846
199102
199460
199531
199582
199660
199764
199824
199877
199935
199977
200646
200972
201103
201404
201599
201772
202062
202280
202551
202723
203422
203697
203870
204264
204348
204494
204683
204775
204902
205179
205363
205536
205717
205912
206093
206271
206448
206621
206696
206878
207058
207248
207424
207649
207910
208180
208474
208795
209068
209319
209395
209588
209824
210271
210492
210678
210873
211074
212215
212478
212525
212574
212613
212733
213106
213254
213366
213543
213648
213771
213894
214039
214170
214299
214483
214610
214744
214957
215144
215242
215326
215427
215965
216011
216143
216194
216246
218272
218367
218746
218825
218905
219099
219162
219268
219349
219556
219771
219829
219883
219943
219986
220035
220123
220174
220224
220274
220322
220419
220463
220520
220565
221117
221155
221205
221950
222115
222355
222573
224085
224188
224263
224955
226613
226650
226822
226860
226904
227043
227371
227453
227762
227815
227864
227917
227968
228470
228696
228739
228872
228967
229042
229120
229235
229282
229371
229922
229961
230048
230093
230132
230517
230603
231021
231249
231366
231481
231635
231843
232001
232163
232401
232865
232912
232994
233031
233076
233117
233175
233217
233371
233425
233584
233715
234122
234161
234203
234248
234288
234339
234397
234443
234483
234602
236182
236253
237153
237212
237259
237294
237331
237804
237924
238319
238378
238424
238495
238538
238589
238674
238842
238895
239139
239248
239302
239559
239706
239759
239833
239880
239963
240007
240059
240201
240307
240351
240394
240447
240565
240608
240660
240744
241189
241246
241463
241512
241696
241742
241826
241970
242007
242087
242135
242184
242229
242310
242355
242591
243170
243228
243269
243313
243360
243642
243705
243811
243913
243958
244056
244148
244244
244486
244547
244596
244692
244733
244785
244828
244873
244924
245321
245422
245473
245625
245680
245784
245857
245914
246014
246059
246426
246464
246760
246797
246893
246938
246987
247040
247122
247181
247257
247334
247398
247444
247481
247543
247590
247635
247916
247957
248008
248273
248652
248691
248736
249059
249159
249200
249246
249333
251945
252030
252075
252136
252196
252496
252578
252624
252672
252731
252792
252855
253019
253067
253104
253263
253545
253584
253625
253664
253726
253763
254142
254399
254528
254577
254688
254743
254818
254932
254967
255004
255043
255122
255325
255374
255411
255455
255493
255532
255579
255685
255728
255792
255913
255948
258310
258367
258410
258447
258488
258540
258584
258625
258689
258835
258881
259782
259837
259890
