84525
86559
117256
117303
117402
117444
117485
117542
117606
117666
118144
118194
119587
119638
119698
119748
120296
120890
120940
120998
121107
121161
121229
122517
122561
122614
122825
122982
123046
124187
124393
124473
124844
126657
126708
126759
126800
129473
129512
129561
129740
129831
130114
130158
130200
130243
131306
131344
131396
132936
132992
133059
133497
133908
133987
134162
134266
134570
134632
134679
134982
135197
136610
136797
136842
136954
137037
137520
137587
138549
138592
138647
138690
139095
139141
139188
139237
139285
139334
139382
139431
139479
139545
139594
143040
143289
143892
143939
143998
144054
144112
144170
144232
144286
144360
144415
144468
144524
144857
144899
144944
144990
146650
146702
146872
147935
147991
148030
148116
148164
148164
148241
148296
148353
148398
148442
148496
149007
149066
149125
149184
149241
149356
149408
149460
149512
149562
149612
150231
150499
150499
150597
150647
150687
150728
150830
150874
150915
151202
151296
155961
157463
157644
158345
158501
158553
158597
158640
158696
158754
158814
158871
158925
158981
159047
159096
164143
164236
164282
165809
165853
165901
166044
166105
166193
166242
166289
166339
166873
166924
166972
167029
167081
167126
167177
167233
167280
167327
167382
167457
167589
167636
167696
168356
168396
168438
168484
168532
168799
168850
169005
169054
169161
169209
169256
169305
169354
169403
169455
169517
169576
169630
169684
169738
169796
169846
169916
169967
170131
170194
170252
170319
170380
170435
170485
170554
170615
170671
170736
170802
170866
170925
170984
171038
171097
171151
171211
171266
171325
171379
171438
171492
171550
171617
171675
171738
171797
171851
171895
172007
172118
172230
172432
172526
172567
177471
177521
177578
177774
177828
177927
178077
178130
178595
178632
178674
178729
178780
179501
179549
179593
179843
179890
179942
179999
180052
180105
180163
180313
180364
180405
180446
180496
180549
180599
180649
180699
180749
180802
180855
180905
180958
181008
181061
181114
181162
181208
181252
181296
181393
182683
182728
182810
182868
182948
182995
183038
183088
183134
183179
183219
183266
183360
183405
183445
189257
189306
189358
189406
189454
189502
189549
189597
189654
189702
189750
189800
189856
189906
189957
190011
190062
190116
190172
190230
190294
190352
190411
190473
190532
190594
190694
190739
190863
190969
191284
191539
192178
195946
198195
198439
198885
198938
199003
199059
199711
200016
200068
200113
200172
200224
200276
200597
200837
200908
201912
202668
202939
202998
203059
203122
203182
203239
203293
203645
203810
204135
204196
204430
207853
208422
208995
209954
210088
210813
211291
211342
211387
211428
211475
211524
211570
211618
211668
211721
211773
211825
211880
211927
211974
212025
212071
212119
212172
212272
212314
212363
212422
212613
212689
213173
213216
215804
215844
215878
215916
216627
216666
216712
216752
216796
216840
216883
216927
216975
217023
217076
217118
217164
217212
217250
217292
217332
217376
217419
217462
217506
217545
217601
217645
217689
217739
217781
217827
217868
217913
217959
218011
218058
218100
218142
218188
218231
218955
219000
219058
219413
219455
219498
219556
219721
220371
221240
221296
221341
221401
221459
221524
221572
221624
221673
221727
221773
221834
221894
222514
222573
222660
222709
222751
222796
222841
222901
222961
223028
223095
223138
223190
223235
223283
223327
223386
223433
223478
223524
223581
223634
223684
223747
223802
223855
223912
223965
224027
224336
224389
224443
224492
224537
224581
224630
224674
224717
224767
224815
224856
224902
225053
225102
225149
225201
225254
225314
225364
225411
225458
225603
225647
225688
225733
225777
225816
225858
225922
225973
226022
226071
226120
226164
226208
226252
226296
226333
226374
226430
226477
226527
226574
226697
226739
226778
226999
227084
227132
227177
227225
227268
227318
227410
227494
227707
228361
228416
228516
228559
228609
228651
228822
228917
229002
229177
229371
229496
229601
229660
229721
229782
229852
230004
230645
230969
231069
231120
231187
231405
232621
232663
232730
232807
233260
233311
233630
233671
234718
234773
234829
234887
234946
234995
235042
235086
235148
235210
235291
235353
235416
235480
235542
235597
235661
235726
235789
235853
235916
235988
236052
236118
236333
236377
236421
236466
236514
236565
236615
236667
236720
236765
236816
236860
236913
236956
236999
237055
237108
237710
237759
237973
238022
238075
238128
238177
238220
238271
238628
238717
238789
238942
238996
239048
239100
239366
239414
239461
239507
240100
240154
240244
240496
241139
241308
241370
241412
241876
241924
242355
242443
242494
242546
243405
243458
243506
243551
243599
243705
243867
244015
244187
244289
244348
244389
244434
244648
245375
245580
245729
245968
246124
246169
246218
246268
246322
246372
246555
246601
246650
246837
247079
247290
247682
247731
247779
247829
247872
248081
248131
248185
248227
248783
248826
248871
248920
248973
249014
249114
249372
249419
249462
249535
249608
249681
249746
249811
249876
249941
250006
250064
250122
250180
250238
250289
250345
250401
250457
250512
250567
250618
250669
250720
250771
250825
250879
250933
250987
251041
251095
251152
251209
251262
251315
251368
251421
251474
251525
251579
251633
251687
251741
251795
251849
251892
252241
252297
252355
252414
252453
252906
252951
254438
254481
254628
254873
255043
255170
255222
255270
255622
255829
255869
256038
256086
256134
256182
256230
256278
256321
256372
256416
256462
256511
256561
256623
256679
256735
256788
256832
256889
256931
256989
257047
257105
257163
257209
257256
257320
257377
257432
257485
257537
257586
257639
257696
257743
257799
257856
257922
257974
258030
258083
258145
258206
258258
258731
258784
258920
258961
259006
259046
259090
259127
259168
259208
259252
259310
259368
259425
259482
259531
259578
259613
259652
259692
259732
259927
