198343
198479
200646
200763
200972
201103
201240
201324
201404
201526
201599
201704
201772
201976
202062
202280
202402
202479
202551
202723
202864
203353
203422
203561
203697
203870
203993
204066
204775
204902
205031
205107
205179
205294
205363
205468
205536
205648
205717
205840
205912
206025
206093
206201
206271
206379
206448
206553
206696
206809
206878
206992
207058
207179
207248
207355
207424
207563
207649
207777
207910
208079
208180
208331
208474
208722
208795
208918
209068
209223
209395
209513
209588
209735
209824
210010
210147
210206
210271
210408
210492
210606
210678
211222
221950
222057
222115
222235
222355
222458
224955
225510
229371
229542
231481
231580
231635
231740
231843
231945
232001
232105
232299
232347
232401
232512
239559
239654
246464
246700
