1355
1397
1434
1475
1789
1862
1910
1962
2013
2060
2111
2159
2211
2264
2321
2365
2413
2469
2529
2577
2629
2678
2731
2779
2831
2879
2931
2978
3029
3073
3121
3168
3219
3261
3307
3352
3402
3453
3524
3585
3640
3685
3736
3791
3840
3896
3950
4004
4066
4122
4170
4216
4370
4423
4492
4555
4630
4705
4758
4825
4890
4972
5026
5095
5151
5222
5293
5357
5421
5482
5542
5602
5685
5761
5833
5904
5976
6061
6146
6231
6308
6385
6462
6539
6616
6686
6756
6826
6896
6964
7032
7100
7167
7234
7297
7360
7423
7486
7552
7618
7684
7750
7816
7882
7951
8020
8085
8150
8215
8280
8345
8408
8474
8540
8606
8672
8738
8804
8864
8924
8994
9064
9116
9193
9277
9329
9381
9496
9608
9683
9771
9855
9946
10037
10127
10245
10367
10499
10624
10707
10796
10909
11014
11125
11222
11326
11432
11547
11642
11729
11845
11935
12021
12101
12188
12273
12362
12459
12567
12675
12778
12885
13003
13116
13236
13354
13467
13580
13682
13782
13881
13979
14085
14183
14286
14363
14449
14542
14631
14708
14794
14887
14976
15053
15139
15232
15321
15415
15518
15628
15737
15885
16039
16203
16360
16462
16572
16686
16804
16933
17070
17213
17374
17549
17706
17858
17964
18069
18146
18233
18327
18416
18501
18573
18654
18742
18825
18904
18974
19053
19139
19220
19299
19378
19460
19538
19614
19692
19760
19830
19913
19982
20059
20147
20239
20329
20415
20519
20607
20680
20755
20836
20911
20987
21066
21142
21221
21290
21379
21470
21567
21658
21750
21845
21937
22032
22110
22199
22290
22370
22449
22527
22607
22709
22820
22924
23021
23097
23175
23268
23362
23461
23560
23661
23762
23872
23982
24080
24176
24274
24373
24476
24572
24670
24769
24818
24868
24926
24977
25045
25103
25163
25219
25278
25339
25413
25485
25557
25624
25689
25754
25815
25879
25943
26004
26067
26129
26192
26252
26327
26400
26480
26540
26600
26675
26750
26832
26914
26983
27051
27110
27169
27228
27287
27346
27413
27480
27543
27606
27669
27735
27812
27883
27954
28022
28095
28168
28247
28319
28389
28457
28524
28588
28656
28728
28783
28836
28897
28962
29024
29092
29156
29216
29283
29346
29402
29463
29530
29589
29656
29718
29778
29841
29915
29989
30048
30103
30430
30487
30543
30600
30657
30711
30778
30828
30891
30950
31016
31084
31149
31213
31271
31374
31457
31559
31635
31707
31780
31854
31920
31992
32057
32121
32185
32259
32312
32372
32435
32490
32549
32609
32667
32728
32786
32848
32907
32975
33038
33094
33156
33223
33281
33339
33396
33455
33506
33569
33642
33712
33777
33851
33920
33998
34070
34136
34197
34277
34349
34416
34493
34568
34638
34708
34773
34843
34908
34979
35045
35115
35180
35250
35315
35384
35462
35531
35605
35675
35740
35803
35871
35928
35987
36053
36116
36184
36248
36312
36381
36450
36500
36560
36623
36682
36746
36818
36887
36963
37039
37106
37169
37239
37302
37365
37425
37500
37566
37636
37708
37782
37853
37921
37986
38057
38120
38195
38263
38326
38410
38477
38533
38585
38643
38703
38762
38823
38887
38950
39013
39079
39137
39195
39257
39314
39373
39437
39490
39550
39620
39687
39741
39790
39859
39918
39985
40048
40108
40173
40230
40302
40362
40418
40477
40532
40602
40660
40716
40773
40841
40905
40966
41040
41106
41170
41238
41302
41375
41444
41508
41564
41624
41685
41744
41801
41861
41919
41982
42046
42117
42178
42236
42294
42357
42412
42468
42523
42598
42658
42718
42778
42845
42903
42964
43014
43064
43117
43172
43236
43302
43367
43421
43482
43539
43594
43656
43729
43789
43847
43902
43975
44048
44122
44197
44270
44345
44421
44495
44570
44644
44727
44802
44879
44938
44999
45063
45130
45213
45277
45342
45399
45461
45524
45581
45649
45719
45774
45832
45889
45949
46010
46077
46132
46187
46241
46297
46368
46438
46493
46547
46602
46662
46723
46778
46846
46899
46956
47014
47082
47159
47222
47289
47361
47424
47487
47551
47613
47666
47724
47778
47827
47866
47905
47943
47993
48032
48088
48148
48189
48235
48287
48325
48367
48416
48469
48523
48581
48635
48693
48747
48805
48858
48915
48958
49005
49047
49100
49145
49190
49244
49301
49355
49409
49463
49517
49574
49631
49685
49742
49796
49853
49910
49960
50008
50056
50106
50175
50219
50259
50303
50347
50395
50437
50483
50531
50569
50611
50651
50695
50737
50783
50824
50869
50916
50958
51004
51040
51083
51129
51174
51229
51269
51323
51372
51435
51494
51534
51591
51631
51673
51718
51761
51802
51849
51894
51945
51999
52054
52121
52185
52251
52317
52387
52449
52531
52594
52655
52719
52780
52844
52910
52978
53043
53105
53169
53243
53300
53363
53422
53487
53555
53617
53679
53745
53803
53881
53940
53997
54068
54116
54170
54236
54304
54357
54410
54473
54522
54584
54642
54701
54764
54828
54884
54927
54976
55036
55090
55160
55237
55310
55390
55449
55507
55580
55643
55702
55765
55836
55912
55969
56030
56093
56173
56237
56293
56348
56410
56471
56528
56587
56647
56711
56772
56825
56881
56943
57004
57067
57106
57150
57193
57241
57286
57329
57373
57412
57460
57504
57546
57592
57636
57678
57721
57762
57806
57867
57925
57976
58026
58070
58111
58150
58189
58231
58280
58343
58406
58466
58530
58593
58660
58726
58798
58876
58953
59055
59103
59157
59214
59255
59313
59373
59418
59467
59520
59580
59659
59726
59804
59877
59947
60018
60083
60159
60235
60301
60386
60460
60531
60600
60670
60762
60833
60901
60981
61049
61123
61199
61272
61329
61386
61436
61487
61534
61589
61638
61689
61747
61798
61847
61895
61942
61987
62023
