62071
67952
67980
68049
68076
68141
68782
72754
72792
72826
72952
72997
73042
73085
73124
73163
73204
73245
73289
73332
73374
73410
73454
73502
73551
73604
73655
73692
73741
73785
73834
73883
73936
73987
74032
74077
74122
74169
74214
74259
74304
74349
74400
74446
74491
74541
74594
74639
74684
74729
74774
74820
74858
74895
74946
74994
75053
75113
75166
75220
75270
75324
75388
75453
75519
75586
75655
75714
75768
75813
75868
75929
75989
76043
81286
81347
86725
86769
92139
92189
198343
200646
200972
201103
201404
201599
201772
202062
202280
202551
202723
203422
203697
203870
204264
204348
204494
204683
204775
204902
205179
205363
205536
205717
205912
206093
206271
206448
206621
206696
206878
207058
207248
207424
207649
207910
208180
208474
208795
209068
209319
209395
209588
209824
210271
210492
210678
210873
211074
221950
222115
222355
224955
229371
231481
231635
231843
232001
232163
232401
234483
234602
239559
246464
