63508
63612
63716
63819
63922
64025
64128
64231
64335
64438
64541
64644
64747
64850
64953
65057
65161
65233
65337
65439
65542
65645
65748
65851
65954
66057
66161
66265
66368
66471
66574
66677
66779
66881
66984
67088
67192
67294
67397
67500
67603
67707
67810
68269
68372
68474
68576
68679
68837
68940
69043
69145
69247
69350
69454
69558
69660
69764
69867
69969
70073
70176
70279
70382
70486
70589
70692
70796
70899
71001
71104
71206
71309
71413
71515
71618
71722
71825
71929
72032
72135
72238
72342
72445
72548
72651
72850
76097
76200
76304
76406
76509
76612
76715
76818
76921
77024
77126
77228
77331
77434
77537
77638
77741
77844
77947
78050
78153
78257
78361
78464
78568
78671
78773
78877
78981
79084
79239
79342
79444
79547
79650
79753
79856
79856
80004
80107
80210
80311
80414
80517
80621
80724
80828
80931
81034
81136
82414
82517
82660
82764
82868
82970
83073
83176
83279
83390
83493
83597
83700
83803
83906
84009
84113
84215
84318
84422
84564
84668
84770
84872
84975
85079
85183
85287
85390
85493
85596
85699
85802
85906
86009
86113
86215
86318
86421
86878
86981
87084
87187
87288
87391
87495
87598
87701
87803
87906
88009
88113
88216
88319
88423
88524
88627
88730
88833
88937
89041
89144
89247
89350
89453
89556
89659
89763
89867
89970
90073
90177
90280
90383
90487
90590
90693
90795
90898
91001
91104
91207
91311
91414
91518
91621
91725
91828
91932
92036
92258
92361
92465
92567
92670
92774
92878
92981
93085
93188
93291
93395
93498
93601
93704
93807
93910
94014
94117
94220
94323
94426
94528
94632
94735
94838
94941
95043
95146
95248
95352
95455
95558
95661
95765
95868
95970
96074
96177
96280
96384
96487
96589
96692
97162
97265
97368
97470
97573
97675
97777
97880
97983
98085
98188
98291
98395
98499
98603
98706
98809
98912
99015
99119
99222
99326
99429
99533
99636
99738
99840
99943
100046
100149
100252
100356
100459
100562
100665
100768
100871
100974
101077
101180
101284
101388
101491
101595
101697
101800
101903
102006
102109
102212
102315
102419
102522
102626
102729
102833
102936
103039
103143
103246
103349
103451
103554
103657
103760
103863
103966
104069
104172
104275
104377
104481
104584
104686
104790
104893
104995
105098
105201
105305
105408
105511
105614
105717
105820
105924
106027
106130
106233
106336
106447
106550
106653
106755
106858
106961
107064
107167
107269
107373
107476
107547
107651
107754
107857
107960
108064
108167
108271
108374
108477
108580
108683
108786
108889
108992
109096
109450
109553
109655
109758
109861
109965
110069
110173
110276
110379
110483
110586
110688
110792
110896
110999
111103
111204
111308
111412
111515
111619
111722
111825
111928
112031
112134
112238
112341
112445
112548
112652
112753
112857
112961
113064
113167
113270
113373
113477
113581
113684
113787
113890
113993
114096
114200
114304
114408
114511
114622
114725
114828
114931
115035
115139
115242
115346
115449
115552
115655
115758
115861
115964
116067
116169
116272
116374
116476
116580
116682
116786
140154
140257
140360
140464
140567
140670
140773
140876
140978
141081
141184
141287
141390
141493
141596
141699
141802
141905
142008
142112
142215
142317
142420
142523
142626
142730
142833
143083
143185
143335
143480
143582
143685
143788
144754
145688
145791
145894
145998
146101
146204
146307
146409
146512
151828
151931
152032
152135
152238
152341
152443
152547
152651
152752
152855
152958
153061
153164
153268
153371
153475
153578
153681
153785
153888
153991
154093
154197
154301
154404
154507
154610
154713
154815
154918
155020
155123
155226
155335
155438
155541
155644
155747
155857
156046
156149
156317
156420
156524
156626
156729
156832
156936
157039
157142
157219
157322
157690
157794
157934
158037
158140
158242
159791
159894
159996
160100
160203
160307
160410
160512
160615
160719
160822
160926
161029
161133
161236
161339
161450
161554
161657
161760
161863
161966
162067
162170
162274
162377
162480
162599
162702
162806
162908
163011
163114
163216
163319
163423
163526
163629
163732
163834
163937
164040
164332
164435
164539
164643
164746
164849
164957
165060
165162
165706
172610
172713
172816
172919
173022
173125
173229
173332
173436
173540
173651
173754
173858
173962
174065
174168
174271
174374
174477
174579
174682
174785
174889
174992
175095
175198
175301
175404
175508
175616
175720
175823
175925
176027
176130
176234
176337
176439
176542
176646
176749
176852
176956
177059
177162
177265
177368
177973
178184
178287
178390
178492
178832
178934
179037
179145
179249
179352
181959
182063
182164
182267
182370
183625
183728
183903
184007
184110
184214
184318
184421
184525
184627
184731
184833
184936
185040
185144
185248
185350
185453
185555
185659
185763
185867
185969
186072
186181
186284
186387
186491
186594
186698
186850
186953
187568
187671
187775
187878
187981
188084
188187
188290
188392
188495
188598
188701
188804
188908
189010
189113
192220
192323
192432
192535
192638
192741
192844
192947
193050
193159
193263
193366
193470
193572
193676
193780
193883
193985
194089
194192
194295
194398
194501
194604
194707
194811
194914
195016
195120
195223
195326
195430
195533
195636
195739
195842
195994
196470
196573
196675
196777
196880
196984
197088
197190
197294
197397
197500
197604
198241
198537
198640
198743
